0
0.0160000000000000
0.0310000000000001
0.0449999999999999
0.0569999999999999
0.0699999999999998
0.0859999999999999
0.100000000000000
0.114000000000000
0.130000000000000
0.147000000000000
0.165000000000000
0.178000000000000
0.193000000000000
0.206000000000000
0.222000000000000
0.238000000000000
0.253000000000000
0.264000000000000
0.267000000000000
0.289000000000000
0.307000000000000
0.320000000000000
0.338000000000000
0.358000000000000
0.378000000000000
0.398000000000000
0.411000000000000
0.428000000000000
0.444000000000000
0.464000000000000
0.480000000000000
0.493000000000000
0.510000000000000
0.527000000000000
0.543000000000000
0.562000000000000
0.578000000000000
0.601000000000000
0.617000000000000
0.634000000000000
0.653000000000000
0.669000000000000
0.686000000000000
0.705000000000000
0.721000000000000
0.737000000000000
0.749000000000000
0.767000000000000
0.785000000000000
0.805000000000000
0.824000000000000
0.841000000000000
0.853000000000000
0.876000000000000
0.892000000000000
0.912000000000000
0.939000000000000
0.956000000000000
0.970000000000000
0.983000000000000
1.00300000000000
1.02200000000000
1.04400000000000
1.06400000000000
1.07900000000000
1.09400000000000
1.11400000000000
1.13400000000000
1.15500000000000
1.17100000000000
1.18800000000000
1.20500000000000
1.22100000000000
1.24700000000000
1.27000000000000
1.28600000000000
1.30500000000000
1.32500000000000
1.34400000000000
1.36100000000000
1.38000000000000
1.39900000000000
1.41500000000000
1.43400000000000
1.45300000000000
1.46900000000000
1.48800000000000
1.50400000000000
1.51700000000000
1.53200000000000
1.54800000000000
1.56800000000000
1.58800000000000
1.61100000000000
1.63000000000000
1.64700000000000
1.66000000000000
1.67600000000000
1.68200000000000
1.69700000000000
1.71100000000000
1.71900000000000
1.73100000000000
1.74100000000000
1.75300000000000
1.76100000000000
1.77800000000000
1.78100000000000
1.79000000000000
1.79200000000000
1.80600000000000
1.81800000000000
1.83500000000000
1.85000000000000
1.86800000000000
1.87400000000000
1.87400000000000
1.88300000000000
1.89500000000000
1.90800000000000
1.92000000000000
1.93600000000000
1.95200000000000
1.97100000000000
1.98600000000000
2.00700000000000
2.02600000000000
2.02900000000000
2.05000000000000
2.07100000000000
2.08500000000000
2.10300000000000
2.12500000000000
2.13900000000000
2.15400000000000
2.17400000000000
2.20000000000000
2.22000000000000
2.23800000000000
2.25500000000000
2.26900000000000
2.28700000000000
2.30400000000000
2.32600000000000
2.34700000000000
2.37200000000000
2.38900000000000
2.40700000000000
2.43200000000000
2.46100000000000
2.48100000000000
2.49800000000000
2.51900000000000
2.53600000000000
2.55700000000000
2.57700000000000
2.59400000000000
2.61100000000000
2.63100000000000
2.64400000000000
2.66200000000000
2.67400000000000
2.67800000000000
2.69200000000000
2.69600000000000
2.70600000000000
2.71900000000000
2.72400000000000
2.73400000000000
2.74200000000000
2.75000000000000
2.76300000000000
2.77400000000000
2.78500000000000
2.80100000000000
2.81200000000000
2.82400000000000
2.83600000000000
2.85100000000000
2.86200000000000
2.87000000000000
2.87300000000000
2.88900000000000
2.90500000000000
2.91900000000000
2.93700000000000
2.95200000000000
2.96600000000000
2.98100000000000
2.99500000000000
3.00900000000000
3.02500000000000
3.04300000000000
3.05700000000000
3.07500000000000
3.09500000000000
3.11200000000000
3.13400000000000
3.15400000000000
3.17600000000000