0
0.00138888888888888
0.00277777777777777
0.00388888888888889
0.00500000000000000
0.00611111111111112
0.00750000000000001
0.00861111111111113
0.00972222222222224
0.0108333333333334
0.0122222222222222
0.0138888888888889
0.0150000000000000
0.0161111111111111
0.0175000000000000
0.0188888888888889
0.0202777777777778
0.0216666666666667
0.0227777777777778
0.0230555555555556
0.0250000000000000
0.0266666666666667
0.0277777777777778
0.0294444444444444
0.0311111111111111
0.0327777777777778
0.0344444444444444
0.0355555555555556
0.0369444444444444
0.0383333333333333
0.0400000000000000
0.0413888888888889
0.0425000000000000
0.0438888888888889
0.0452777777777778
0.0466666666666667
0.0483333333333333
0.0497222222222222
0.0516666666666667
0.0530555555555556
0.0544444444444445
0.0561111111111111
0.0575000000000000
0.0588888888888889
0.0605555555555556
0.0619444444444445
0.0633333333333334
0.0644444444444445
0.0661111111111111
0.0677777777777778
0.0694444444444445
0.0711111111111111
0.0725000000000000
0.0736111111111111
0.0755555555555555
0.0769444444444444
0.0786111111111111
0.0808333333333333
0.0822222222222223
0.0833333333333333
0.0844444444444444
0.0861111111111111
0.0877777777777778
0.0897222222222222
0.0913888888888889
0.0927777777777778
0.0941666666666667
0.0958333333333333
0.0975000000000000
0.0994444444444445
0.100833333333333
0.102222222222222
0.103611111111111
0.105000000000000
0.107222222222222
0.109166666666667
0.110555555555556
0.112222222222222
0.113888888888889
0.115555555555556
0.116944444444444
0.118611111111111
0.120277777777778
0.121666666666667
0.123333333333333
0.125000000000000
0.126388888888889
0.128055555555556
0.129444444444444
0.130555555555556
0.131944444444444
0.133333333333333
0.135000000000000
0.136666666666667
0.138611111111111
0.140277777777778
0.141666666666667
0.142777777777778
0.144166666666667
0.144722222222222
0.146944444444444
0.149166666666667
0.150555555555556
0.152222222222222
0.153888888888889
0.155833333333333
0.157222222222222
0.160000000000000
0.160555555555556
0.162222222222222
0.162500000000000
0.164722222222222
0.166666666666667
0.169166666666667
0.171666666666667
0.174166666666667
0.174722222222222
0.174722222222222
0.175555555555556
0.176388888888889
0.177222222222222
0.178055555555556
0.179166666666667
0.180277777777778
0.181666666666667
0.182777777777778
0.184444444444444
0.185833333333333
0.186111111111111
0.187777777777778
0.189444444444444
0.190555555555556
0.191944444444444
0.193611111111111
0.194722222222222
0.195833333333333
0.197500000000000
0.199444444444444
0.201111111111111
0.202500000000000
0.203888888888889
0.205000000000000
0.206388888888889
0.207777777777778
0.209444444444444
0.211111111111111
0.213055555555556
0.214444444444445
0.215833333333333
0.217777777777778
0.220000000000000
0.221666666666667
0.223055555555556
0.224722222222222
0.226111111111111
0.227777777777778
0.229444444444444
0.230833333333333
0.232222222222222
0.233888888888889
0.235000000000000
0.236388888888889
0.237500000000000
0.238055555555556
0.240277777777778
0.240833333333333
0.242500000000000
0.244444444444444
0.245277777777778
0.246666666666667
0.247777777777778
0.249166666666667
0.251111111111111
0.252777777777778
0.254444444444444
0.256944444444445
0.258888888888889
0.260833333333333
0.262777777777778
0.265555555555556
0.267222222222222
0.268333333333333
0.268611111111111
0.270000000000000
0.271111111111111
0.272222222222222
0.273611111111111
0.274722222222222
0.275833333333333
0.276944444444445
0.278055555555556
0.279166666666667
0.280277777777778
0.281666666666667
0.282777777777778
0.284166666666667
0.285833333333333
0.287222222222222
0.288888888888889
0.290555555555556
0.292222222222222